0.5893 0.5692 -1.0000 -1.0000 -1.0000 -1.0000 -1.0000 -1.0000 -1.0000
0.5726 0.5573 -1.0000 -1.0000 -1.0000 -1.0000 -1.0000 -1.0000 -1.0000
0.3821 0.5043 -1.0000 -1.0000 -1.0000 -1.0000 -1.0000 -1.0000 -1.0000
0.3739 0.2572 -1.0000 -1.0000 -1.0000 -1.0000 -1.0000 -1.0000 -1.0000
0.4462 0.2518 -1.0000 -1.0000 -1.0000 -1.0000 -1.0000 -1.0000 -1.0000
0.5346 0.3586 0.4120 -1.0000 -1.0000 -1.0000 -1.0000 -1.0000 -1.0000
0.5732 0.5535 0.5390 -1.0000 -1.0000 -1.0000 -1.0000 -1.0000 -1.0000
0.5915 0.5674 0.5509 0.5519 0.3511 0.4391 0.6185 -1.0000 -1.0000
0.6179 0.5930 0.5763 0.5666 0.4274 0.2705 0.2489 0.2291 0.6100

0.5883 0.5692 -1.0000 -1.0000 -1.0000 -1.0000 -1.0000 -1.0000 -1.0000
0.5760 0.5567 0.7030 -1.0000 -1.0000 -1.0000 -1.0000 -1.0000 -1.0000
0.5726 0.5531 0.6541 0.6681 0.3018 -1.0000 -1.0000 -1.0000 -1.0000
0.5660 0.5500 0.6120 0.6262 0.2454 -1.0000 -1.0000 -1.0000 -1.0000
0.5652 0.5496 0.5699 0.8431 0.4273 -1.0000 -1.0000 -1.0000 -1.0000
0.5703 0.5528 -1.0000 0.9569 1.2945 -1.0000 -1.0000 -1.0000 -1.0000
0.5768 0.5560 -1.0000 -1.0000 1.0002 -1.0000 -1.0000 -1.0000 -1.0000
0.5911 0.5683 0.5524 -1.0000 0.8121 0.6743 -1.0000 -1.0000 -1.0000
0.6232 0.5941 0.5777 0.5694 0.5846 0.6392 0.2997 0.3482 0.9788

0.5945 0.5730 -1.0000 -1.0000 -1.0000 -1.0000 -1.0000 -1.0000 -1.0000
0.5797 0.5607 -1.0000 -1.0000 1.6769 -1.0000 -1.0000 -1.0000 -1.0000
0.5765 0.5577 -1.0000 1.2171 1.7347 -1.0000 -1.0000 -1.0000 -1.0000
0.5706 0.5534 -1.0000 1.2076 1.4830 0.2576 -1.0000 -1.0000 -1.0000
0.5692 0.5534 -1.0000 1.0979 1.3354 0.2439 -1.0000 -1.0000 -1.0000
0.5741 0.5564 -1.0000 0.9668 1.3705 0.9070 -1.0000 -1.0000 -1.0000
0.5788 0.5599 -1.0000 -1.0000 -1.0000 1.2700 -1.0000 -1.0000 -1.0000
0.5956 0.5722 0.5557 -1.0000 -1.0000 1.0011 -1.0000 -1.0000 -1.0000
0.6247 0.5973 0.5808 0.5734 -1.0000 0.7975 -1.0000 -1.0000 -1.0000

0.5937 0.5715 -1.0000 -1.0000 -1.0000 -1.0000 -1.0000 -1.0000 -1.0000
0.5778 0.5605 -1.0000 -1.0000 -1.0000 -1.0000 -1.0000 -1.0000 -1.0000
0.5758 0.5563 -1.0000 1.2297 -1.0000 -1.0000 -1.0000 -1.0000 -1.0000
0.5700 0.5530 -1.0000 1.2250 1.7561 -1.0000 -1.0000 -1.0000 -1.0000
0.5690 0.5530 -1.0000 1.1123 1.5354 0.3378 -1.0000 -1.0000 -1.0000
0.5747 0.5569 -1.0000 0.9756 1.4053 1.0995 -1.0000 -1.0000 -1.0000
0.5790 0.5603 -1.0000 -1.0000 -1.0000 1.4238 -1.0000 -1.0000 -1.0000
0.5939 0.5713 0.5553 -1.0000 -1.0000 1.0308 -1.0000 -1.0000 -1.0000
0.6232 0.5982 0.5813 0.5731 -1.0000 0.8365 0.6233 0.4912 1.0835

-1.0000 -1.0000 -1.0000 -1.0000 -1.0000 -1.0000 -1.0000 -1.0000 -1.0000
-1.0000 0.5584 -1.0000 -1.0000 -1.0000 -1.0000 -1.0000 -1.0000 -1.0000
-1.0000 0.5554 -1.0000 -1.0000 -1.0000 -1.0000 -1.0000 -1.0000 -1.0000
0.5682 0.5511 -1.0000 -1.0000 -1.0000 -1.0000 -1.0000 -1.0000 -1.0000
0.5686 0.5518 -1.0000 1.1213 1.7584 -1.0000 -1.0000 -1.0000 -1.0000
-1.0000 0.5555 -1.0000 0.9792 1.3937 -1.0000 -1.0000 -1.0000 -1.0000
-1.0000 0.5578 -1.0000 -1.0000 -1.0000 -1.0000 -1.0000 -1.0000 -1.0000
-1.0000 0.5704 0.5546 -1.0000 -1.0000 1.0339 -1.0000 -1.0000 -1.0000
-1.0000 0.5962 0.5768 -1.0000 -1.0000 0.8378 0.7014 0.5346 1.0030

0.5924 0.5711 -1.0000 -1.0000 -1.0000 -1.0000 -1.0000 -1.0000 -1.0000
0.5777 0.5599 -1.0000 -1.0000 -1.0000 -1.0000 -1.0000 -1.0000 -1.0000
0.5757 0.5559 -1.0000 -1.0000 -1.0000 -1.0000 -1.0000 -1.0000 -1.0000
0.5685 0.5525 -1.0000 -1.0000 -1.0000 -1.0000 -1.0000 -1.0000 -1.0000
0.5684 0.5523 -1.0000 -1.0000 -1.0000 1.8083 -1.0000 -1.0000 -1.0000
0.5740 0.5556 -1.0000 -1.0000 -1.0000 -1.0000 -1.0000 -1.0000 -1.0000
0.5782 0.5595 -1.0000 -1.0000 -1.0000 -1.0000 -1.0000 -1.0000 -1.0000
0.5959 0.5712 0.5554 -1.0000 -1.0000 -1.0000 -1.0000 -1.0000 -1.0000
0.6231 0.5964 0.5801 0.5728 -1.0000 -1.0000 -1.0000 -1.0000 -1.0000

0.5948 0.5739 -1.0000 -1.0000 -1.0000 -1.0000 -1.0000 -1.0000 -1.0000
0.5807 0.5624 -1.0000 -1.0000 -1.0000 -1.0000 -1.0000 -1.0000 -1.0000
0.5786 0.5586 -1.0000 -1.0000 -1.0000 -1.0000 -1.0000 -1.0000 -1.0000
0.5722 0.5553 -1.0000 -1.0000 -1.0000 -1.0000 -1.0000 -1.0000 -1.0000
0.5713 0.5558 -1.0000 -1.0000 -1.0000 -1.0000 -1.0000 -1.0000 -1.0000
0.5776 0.5591 -1.0000 -1.0000 -1.0000 -1.0000 -1.0000 -1.0000 -1.0000
0.5822 0.5619 -1.0000 -1.0000 -1.0000 -1.0000 -1.0000 -1.0000 -1.0000
0.5972 0.5746 0.5582 -1.0000 -1.0000 -1.0000 -1.0000 -1.0000 -1.0000
0.6298 0.5999 0.5821 0.5749 -1.0000 -1.0000 -1.0000 -1.0000 -1.0000

